/*********************************************
 * OPL 12.7.1.0 Data
 * Author: Dan
 * Creation Date: 12 Sep 2023 at 12:09:46
 *********************************************/
v=[38.447, 41.439, 19.519, 3.661, 5.365, 61.261, 2.543, 24.118, 13.897, 18.418, 21.109, 21.997, 17.185, 37.368, 27.153, 40.185];
D=[[140,100]
[3,2]
[500,100]
[4,3]
[10,0.3]
[100,20]
[2,1]
[50,15]
[100,40]
[3,0.2]
[10,2]
[2,1]
[24,6]
];
M=[[35,40]
[5,5]
[1,1]
[6,6]
[14,1]
[146,35]
[630,140]
[5,3]
[35,12]
[140,70]
[140,82]
[4,1]
[14,6]
[35,10]
[5,4]
[35,10]
];
t1=[[11,0,0,0,0,0]
[12,0,0,0,0,0]
[0,5,0,0,0,0]
[0,0,2,0,0,0]
[0,0,0,19,0,0]
[0,0,0,16,0,0]
[0,2,0,0,0,0]
[0,0,0,0,8,0]
[0,4,0,0,0,0]
[0,0,0,0,0,7]
[8,0,0,0,0,0]
[0,0,0,0,8,0]
[0,0,0,0,7,0]
[0,8,0,0,0,0]
[0,0,7,0,0,0]
[12,0,0,0,0,0]
];
t2=[[1,2,0,0,0,0,0,0,0,0,0,0,5]
    [0,0,1,0,0,0,0,1,0,0,0,0,0]
    [0,0,0,1,0,0,0,0,0,0,0,1,0]
    [0,0,0,0,5,4,0,0,0,0,0,0,0]
    [0,0,0,0,0,0,3,0,0,4,1,0,0]
    [0,0,0,0,0,0,0,0,1,0,0,0,0]
];